-6.909799999999999796e-03 1.987299999999999831e-02
-6.895985085085085120e-03 1.959599999999999884e-02
-6.854540340340340224e-03 2.027199999999999835e-02
-6.826910510510510004e-03 2.037200000000000122e-02
-6.771650850850850431e-03 2.051499999999999851e-02
-6.757835935935935755e-03 2.057200000000000001e-02
-6.744021021021021078e-03 1.904799999999999896e-02
-6.716391191191190858e-03 2.064799999999999969e-02
-6.702576276276276182e-03 1.898700000000000040e-02
-6.674946446446445962e-03 1.891899999999999832e-02
-6.647316616616616609e-03 1.887399999999999842e-02
-6.633501701701701933e-03 1.884900000000000117e-02
-6.619686786786786389e-03 1.881800000000000139e-02
-6.605871871871871713e-03 1.879400000000000168e-02
-6.592056956956957037e-03 1.877399999999999902e-02
-6.578242042042041493e-03 1.877399999999999902e-02
-6.564427127127126817e-03 1.872800000000000159e-02
-6.550612212212212140e-03 2.092600000000000016e-02
-6.536797297297297464e-03 2.097200000000000106e-02
-6.509167467467467244e-03 2.099799999999999930e-02
-6.495352552552552568e-03 1.861300000000000107e-02
-6.467722722722722348e-03 2.107200000000000045e-02
-6.453907807807807671e-03 1.857400000000000023e-02
-6.440092892892892995e-03 1.854799999999999852e-02
-6.398648148148148099e-03 2.117199999999999985e-02
-6.384833233233232555e-03 1.850100000000000008e-02
-6.371018318318317879e-03 1.847400000000000084e-02
-6.343388488488488526e-03 1.843799999999999953e-02
-6.329573573573572982e-03 1.840400000000000022e-02
-6.315758658658658306e-03 2.127199999999999924e-02
-6.301943743743743630e-03 1.839199999999999863e-02
-6.288128828828828953e-03 2.129800000000000096e-02
-6.260498998998998733e-03 1.833200000000000107e-02
-6.246684084084084057e-03 1.833200000000000107e-02
-6.232869169169168513e-03 2.137100000000000111e-02
-6.219054254254253837e-03 1.829400000000000123e-02
-6.191424424424424484e-03 1.827399999999999858e-02
-6.177609509509508941e-03 1.823100000000000068e-02
-6.136164764764764912e-03 2.147100000000000050e-02
-6.122349849849849368e-03 1.819300000000000084e-02
-6.108534934934934692e-03 1.818600000000000078e-02
-6.094720020020020015e-03 1.817399999999999918e-02
-6.067090190190189795e-03 1.813299999999999981e-02
-6.053275275275275119e-03 2.157099999999999990e-02
-6.039460360360360443e-03 2.157099999999999990e-02
-5.998015615615615546e-03 1.809099999999999944e-02
-5.984200700700700870e-03 1.807399999999999979e-02
-5.970385785785785326e-03 1.803799999999999848e-02
-5.928941041041040430e-03 1.801399999999999876e-02
-5.901311211211211077e-03 1.799999999999999864e-02
-5.887496296296295534e-03 1.799999999999999864e-02
-5.846051551551551505e-03 2.177099999999999869e-02
-5.832236636636636828e-03 1.793200000000000002e-02
-5.818421721721721285e-03 2.179299999999999987e-02
-5.790791891891891932e-03 1.791099999999999984e-02
-5.776976976976976388e-03 1.791099999999999984e-02
-5.763162062062061712e-03 1.787499999999999853e-02
-5.749347147147147036e-03 1.787499999999999853e-02
-5.735532232232231492e-03 2.187100000000000155e-02
-5.694087487487487463e-03 1.782399999999999957e-02
-5.680272572572572787e-03 1.782399999999999957e-02
-5.652642742742742567e-03 1.782399999999999957e-02
-5.625012912912912347e-03 1.779000000000000026e-02
-5.611197997997997670e-03 1.778599999999999973e-02
-5.542123423423423421e-03 1.773999999999999883e-02
-5.528308508508508745e-03 1.772400000000000017e-02
-5.514493593593593201e-03 2.205299999999999969e-02
-5.500678678678678525e-03 2.207100000000000034e-02
-5.486863763763763849e-03 1.770899999999999905e-02
-5.445419019019018952e-03 1.767499999999999974e-02
-5.417789189189188732e-03 2.213400000000000090e-02
-5.403974274274274056e-03 2.213400000000000090e-02
-5.348714614614614483e-03 1.762899999999999884e-02
-5.334899699699699807e-03 1.760700000000000112e-02
-5.307269869869869587e-03 1.759900000000000006e-02
-5.293454954954954911e-03 1.759900000000000006e-02
-5.252010210210210014e-03 2.227099999999999913e-02
-5.238195295295295338e-03 1.755599999999999869e-02
-5.210565465465465118e-03 2.229300000000000032e-02
-5.196750550550550442e-03 1.752599999999999991e-02
-5.155305805805805545e-03 2.235099999999999934e-02
-5.141490890890890869e-03 2.235099999999999934e-02
-5.113861061061060649e-03 2.237099999999999853e-02
-5.100046146146145973e-03 1.749699999999999867e-02
-5.058601401401401076e-03 1.747500000000000095e-02
-5.044786486486486400e-03 1.745700000000000029e-02
-5.017156656656656180e-03 2.243699999999999861e-02
-4.961896996996996607e-03 1.742900000000000005e-02
-4.934267167167166387e-03 1.741099999999999939e-02
-4.920452252252252578e-03 2.250999999999999876e-02
-4.892822422422422358e-03 1.740399999999999933e-02
-4.879007507507507682e-03 1.740399999999999933e-02
-4.865192592592592138e-03 1.737500000000000155e-02
-4.851377677677677462e-03 1.737500000000000155e-02
-4.837562762762762786e-03 2.256999999999999978e-02
-4.796118018018017889e-03 2.259200000000000097e-02
-4.782303103103102346e-03 1.733900000000000025e-02
-4.768488188188188537e-03 1.733900000000000025e-02
-4.740858358358358317e-03 1.732900000000000065e-02
-4.713228528528528097e-03 2.264299999999999993e-02
-4.699413613613613420e-03 2.266999999999999918e-02
-4.685598698698698744e-03 1.731699999999999906e-02
-4.644153953953953848e-03 1.729599999999999888e-02
-4.616524124124124495e-03 1.729199999999999834e-02
-4.588894294294293408e-03 1.727499999999999869e-02
-4.561264464464464055e-03 1.727499999999999869e-02
-4.547449549549549379e-03 1.726099999999999857e-02
-4.519819719719719159e-03 2.277900000000000064e-02
-4.492189889889889806e-03 1.723699999999999885e-02
-4.450745145145144910e-03 1.723699999999999885e-02
-4.436930230230229366e-03 1.722800000000000026e-02
-4.423115315315315557e-03 2.283400000000000013e-02
-4.409300400400400013e-03 2.283400000000000013e-02
-4.367855655655655117e-03 2.287000000000000144e-02
-4.354040740740740441e-03 2.287000000000000144e-02
-4.340225825825825764e-03 1.720100000000000101e-02
-4.298781081081080868e-03 1.719700000000000048e-02
-4.271151251251251516e-03 2.293299999999999852e-02
-4.243521421421421295e-03 1.717499999999999930e-02
-4.215891591591591075e-03 1.717099999999999876e-02
-4.188261761761761723e-03 2.297000000000000083e-02
-4.174446846846846179e-03 1.714900000000000105e-02
-4.160631931931931503e-03 1.714900000000000105e-02
-4.146817017017016826e-03 1.714900000000000105e-02
-4.119187187187187474e-03 1.714399999999999952e-02
-4.105372272272271930e-03 1.714399999999999952e-02
-4.091557357357357254e-03 1.713200000000000139e-02
-3.994852952952952785e-03 1.711599999999999927e-02
-3.953408208208207889e-03 2.312200000000000019e-02
-3.939593293293293212e-03 2.312200000000000019e-02
-3.925778378378378536e-03 1.710400000000000115e-02
-3.898148548548548316e-03 1.710100000000000162e-02
-3.870518718718718530e-03 2.316999999999999962e-02
-3.842888888888888743e-03 2.316999999999999962e-02
-3.815259059059058957e-03 2.318200000000000122e-02
-3.787629229229229171e-03 1.707499999999999990e-02
-3.773814314314314061e-03 1.707499999999999990e-02
-3.759999399399398951e-03 1.706299999999999831e-02
-3.746184484484484274e-03 1.706299999999999831e-02
-3.718554654654654488e-03 1.706200000000000078e-02
-3.704739739739739378e-03 1.706200000000000078e-02
-3.677109909909909592e-03 1.704800000000000065e-02
-3.663294994994994915e-03 1.704800000000000065e-02
-3.649480080080079805e-03 2.326999999999999902e-02
-3.621850250250250019e-03 2.328399999999999914e-02
-3.608035335335334909e-03 2.328399999999999914e-02
-3.594220420420420233e-03 1.703599999999999906e-02
-3.566590590590590446e-03 1.703599999999999906e-02
-3.552775675675675336e-03 1.703599999999999906e-02
-3.525145845845845550e-03 1.703100000000000100e-02
-3.511330930930930874e-03 1.703100000000000100e-02
-3.497516016016015764e-03 1.702499999999999847e-02
-3.469886186186185977e-03 1.702499999999999847e-02
-3.456071271271270867e-03 2.336999999999999841e-02
-3.442256356356356191e-03 2.336999999999999841e-02
-3.428441441441441081e-03 2.337600000000000094e-02
-3.414626526526526405e-03 2.337600000000000094e-02
-3.400811611611611295e-03 1.701499999999999888e-02
-3.373181781781781508e-03 1.701499999999999888e-02
-3.359366866866866398e-03 2.341899999999999885e-02
-3.345551951951951722e-03 2.341899999999999885e-02
-3.317922122122121936e-03 1.700600000000000028e-02
-3.304107207207206826e-03 1.700600000000000028e-02
-3.276477377377377039e-03 1.700600000000000028e-02
-3.262662462462462363e-03 2.345699999999999869e-02
-3.248847547547547253e-03 2.345699999999999869e-02
-3.221217717717717467e-03 2.347000000000000128e-02
-3.207402802802802357e-03 1.699600000000000069e-02
-3.179772972972972570e-03 1.699600000000000069e-02
-3.165958058058057894e-03 2.350700000000000012e-02
-3.124513313313312998e-03 1.698600000000000110e-02
-3.096883483483483211e-03 2.353099999999999983e-02
-3.069253653653653425e-03 2.353099999999999983e-02
-3.041623823823823639e-03 2.354499999999999996e-02
-3.027808908908908529e-03 1.697500000000000051e-02
-3.000179079079078742e-03 2.356899999999999967e-02
-2.944919419419419170e-03 1.696800000000000044e-02
-2.931104504504504493e-03 1.696699999999999944e-02
-2.903474674674674273e-03 2.359999999999999945e-02
-2.848215015015014701e-03 1.695999999999999938e-02
-2.820585185185184481e-03 1.695999999999999938e-02
-2.806770270270269804e-03 1.695999999999999938e-02
-2.779140440440440452e-03 1.695500000000000132e-02
-2.751510610610610232e-03 1.695500000000000132e-02
-2.723880780780780879e-03 2.366899999999999907e-02
-2.696250950950950659e-03 2.366899999999999907e-02
-2.682436036036035983e-03 1.694999999999999979e-02
-2.654806206206205763e-03 1.694999999999999979e-02
-2.599546546546546190e-03 2.371600000000000097e-02
-2.571916716716716837e-03 1.694599999999999926e-02
-2.558101801801801294e-03 1.694599999999999926e-02
-2.530471971971971941e-03 1.694500000000000173e-02
-2.502842142142141721e-03 1.694299999999999973e-02
-2.447582482482482148e-03 2.376699999999999993e-02
-2.433767567567567472e-03 2.376899999999999846e-02
-2.378507907907907899e-03 1.694000000000000020e-02
-2.350878078078077679e-03 2.380200000000000024e-02
-2.295618418418418107e-03 2.381399999999999836e-02
-2.281803503503503430e-03 1.693800000000000167e-02
-2.254173673673673210e-03 2.382899999999999949e-02
-2.226543843843843858e-03 1.693700000000000067e-02
-2.185099099099098961e-03 1.693700000000000067e-02
-2.143654354354354065e-03 2.385800000000000073e-02
-2.088394694694694492e-03 1.693499999999999867e-02
-2.074579779779779816e-03 1.693499999999999867e-02
-2.060764864864864272e-03 1.693499999999999867e-02
-2.033135035035034920e-03 1.693499999999999867e-02
-1.977875375375375347e-03 1.693499999999999867e-02
-1.936430630630630451e-03 1.693499999999999867e-02
-1.922615715715715774e-03 1.693499999999999867e-02
-1.867356056056055334e-03 2.392800000000000135e-02
-1.825911311311311305e-03 1.693400000000000113e-02
-1.784466566566566409e-03 1.693400000000000113e-02
-1.756836736736736189e-03 2.395999999999999866e-02
-1.729206906906906836e-03 1.693400000000000113e-02
-1.701577077077076616e-03 2.396900000000000072e-02
-1.687762162162161940e-03 1.693499999999999867e-02
-1.646317417417417044e-03 2.398799999999999891e-02
-1.632502502502502367e-03 1.693499999999999867e-02
-1.618687587587587691e-03 2.399099999999999844e-02
-1.577242842842842795e-03 1.693499999999999867e-02
-1.535798098098097898e-03 1.693499999999999867e-02
-1.521983183183183222e-03 1.693499999999999867e-02
-1.439093693693693429e-03 1.693599999999999967e-02
-1.397648948948948533e-03 1.693599999999999967e-02
-1.383834034034033857e-03 1.693599999999999967e-02
-1.328574374374374284e-03 1.693599999999999967e-02
-1.204240140140139595e-03 2.406900000000000012e-02
-1.190425225225224919e-03 2.406900000000000012e-02
-1.176610310310310242e-03 1.693800000000000167e-02
-1.107535735735735126e-03 2.408000000000000071e-02
-1.066090990990991097e-03 1.693899999999999920e-02
-1.038461161161160877e-03 1.693899999999999920e-02
-1.024646246246246201e-03 2.409700000000000036e-02
-9.417567567567564080e-04 1.694000000000000020e-02
-8.864970970970968353e-04 1.694100000000000120e-02
-8.450523523523519390e-04 1.694100000000000120e-02
-8.312374374374372626e-04 1.694100000000000120e-02
-7.897926926926923663e-04 2.412200000000000108e-02
-6.654584584584585447e-04 1.694199999999999873e-02
-5.963838838838834283e-04 1.694299999999999973e-02
-5.825689689689687520e-04 1.694299999999999973e-02
-5.273093093093091793e-04 1.694299999999999973e-02
-4.996794794794789593e-04 1.694400000000000073e-02
-4.720496496496496067e-04 2.414799999999999933e-02
-4.167899899899900340e-04 1.694400000000000073e-02
-3.615303303303295940e-04 2.415300000000000086e-02
-3.477154154154149177e-04 1.694500000000000173e-02
-3.200855855855855650e-04 1.694500000000000173e-02
-2.510110110110104487e-04 2.415799999999999892e-02
-2.371960960960957723e-04 1.694500000000000173e-02
-2.095662662662655523e-04 1.694500000000000173e-02
-9.904694694694640700e-05 1.694599999999999926e-02
-8.523203203203173067e-05 1.694599999999999926e-02
-7.141711711711705435e-05 1.694599999999999926e-02
-5.760220220220151066e-05 2.416300000000000045e-02
-1.615745745745748169e-05 1.694599999999999926e-02
-2.997237237237215801e-05 1.694599999999999926e-02
-4.378728728728683434e-05 1.694599999999999926e-02
-1.128618618618619507e-04 1.694599999999999926e-02
-1.266767767767766270e-04 1.694599999999999926e-02
-1.404916916916913033e-04 1.694599999999999926e-02
-1.543066066066059797e-04 2.416099999999999845e-02
-1.681215215215215233e-04 2.416099999999999845e-02
-1.819364364364361997e-04 1.694500000000000173e-02
-1.957513513513508760e-04 1.694500000000000173e-02
-2.233811811811810960e-04 1.694500000000000173e-02
-2.648259259259259923e-04 2.415799999999999892e-02
-2.786408408408406687e-04 1.694500000000000173e-02
-2.924557557557553450e-04 1.694500000000000173e-02
-3.062706706706700213e-04 1.694500000000000173e-02
-3.339005005005002413e-04 1.694500000000000173e-02
-3.753452452452451377e-04 1.694400000000000073e-02
-3.891601601601598140e-04 1.694400000000000073e-02
-4.029750750750744903e-04 1.694400000000000073e-02
-4.306049049049047103e-04 1.694400000000000073e-02
-4.444198198198193867e-04 1.694400000000000073e-02
-4.582347347347340630e-04 2.414900000000000033e-02
-4.858645645645642830e-04 1.694400000000000073e-02
-5.134943943943936356e-04 1.694299999999999973e-02
-5.411242242242238557e-04 1.694299999999999973e-02
-5.549391391391385320e-04 2.414200000000000026e-02
-5.687540540540540757e-04 2.414000000000000173e-02
-6.101987987987981046e-04 1.694299999999999973e-02
-6.240137137137136483e-04 1.694299999999999973e-02
-6.378286286286283246e-04 1.694299999999999973e-02
-6.516435435435430010e-04 2.413500000000000020e-02
-6.792733733733732210e-04 1.694199999999999873e-02
-6.930882882882878973e-04 2.413200000000000067e-02
-7.069032032032025736e-04 2.413200000000000067e-02
-7.207181181181181173e-04 1.694199999999999873e-02
-7.345330330330327936e-04 1.694199999999999873e-02
-7.483479479479474700e-04 2.412600000000000161e-02
-7.621628628628621463e-04 2.412600000000000161e-02
-7.759777777777776900e-04 1.694199999999999873e-02
-8.036076076076070426e-04 2.412200000000000108e-02
-8.174225225225225863e-04 2.412200000000000108e-02
-8.588672672672666153e-04 2.411699999999999955e-02
-8.726821821821821590e-04 1.694100000000000120e-02
-9.003120120120115116e-04 2.411100000000000049e-02
-9.141269269269261880e-04 2.411100000000000049e-02
-9.279418418418417316e-04 1.694000000000000020e-02
-9.555716716716710843e-04 2.410699999999999996e-02
-9.693865865865866280e-04 1.694000000000000020e-02
-9.832015015015013043e-04 1.694000000000000020e-02
-9.970164164164159806e-04 1.694000000000000020e-02
-1.010831331331330657e-03 2.409700000000000036e-02
-1.052276076076075553e-03 2.409499999999999836e-02
-1.079905905905905773e-03 1.693899999999999920e-02
-1.093720820820820450e-03 1.693899999999999920e-02
-1.121350650650650670e-03 2.408000000000000071e-02
-1.135165565565565346e-03 2.408000000000000071e-02
-1.148980480480480022e-03 2.407899999999999971e-02
-1.162795395395394699e-03 2.407899999999999971e-02
-1.218055055055055139e-03 2.406900000000000012e-02
-1.231869969969969815e-03 1.693700000000000067e-02
-1.245684884884884491e-03 2.406000000000000152e-02
-1.259499799799799168e-03 2.405900000000000052e-02
-1.273314714714714711e-03 1.693700000000000067e-02
-1.287129629629629388e-03 1.693700000000000067e-02
-1.300944544544544064e-03 1.693700000000000067e-02
-1.314759459459458740e-03 1.693599999999999967e-02
-1.342389289289288960e-03 1.693599999999999967e-02
-1.356204204204203637e-03 2.404200000000000087e-02
-1.370019119119119180e-03 2.403800000000000034e-02
-1.411463863863863209e-03 1.693599999999999967e-02
-1.425278778778778753e-03 1.693599999999999967e-02
-1.452908608608608106e-03 2.402599999999999875e-02
-1.466723523523522782e-03 1.693499999999999867e-02
-1.480538438438438326e-03 1.693499999999999867e-02
-1.494353353353353002e-03 2.401599999999999915e-02
-1.508168268268267678e-03 2.401599999999999915e-02
-1.549613013013012575e-03 2.400800000000000156e-02
-1.563427927927927251e-03 1.693499999999999867e-02
-1.591057757757757471e-03 1.693499999999999867e-02
-1.604872672672672147e-03 2.399099999999999844e-02
-1.660132332332331720e-03 2.398799999999999891e-02
-1.673947247247247264e-03 1.693499999999999867e-02
-1.715391991991991293e-03 2.396900000000000072e-02
-1.743021821821821513e-03 2.396200000000000066e-02
-1.770651651651651733e-03 1.693400000000000113e-02
-1.798281481481481085e-03 1.693400000000000113e-02
-1.812096396396395762e-03 1.693400000000000113e-02
-1.839726226226225982e-03 1.693400000000000113e-02
-1.853541141141140658e-03 2.393699999999999994e-02
-1.881170970970970878e-03 2.392800000000000135e-02
-1.894985885885885554e-03 1.693400000000000113e-02
-1.908800800800800231e-03 1.693400000000000113e-02
-1.950245545545545127e-03 2.391499999999999876e-02
-1.964060460460459803e-03 1.693499999999999867e-02
-1.991690290290290023e-03 1.693499999999999867e-02
-2.005505205205204700e-03 2.389499999999999957e-02
-2.019320120120120243e-03 2.389499999999999957e-02
-2.046949949949949596e-03 2.389000000000000151e-02
-2.102209609609609169e-03 2.386900000000000133e-02
-2.116024524524523845e-03 2.386900000000000133e-02
-2.129839439439439389e-03 1.693599999999999967e-02
-2.157469269269268741e-03 2.385500000000000120e-02
-2.171284184184184285e-03 1.693700000000000067e-02
-2.198914014014013638e-03 1.693700000000000067e-02
-2.212728928928928314e-03 1.693700000000000067e-02
-2.240358758758758534e-03 2.382899999999999949e-02
-2.267988588588587887e-03 1.693800000000000167e-02
-2.309433333333332783e-03 2.381399999999999836e-02
-2.323248248248248327e-03 1.693899999999999920e-02
-2.337063163163163003e-03 1.693899999999999920e-02
-2.364692992992992356e-03 1.694000000000000020e-02
-2.392322822822822576e-03 1.694000000000000020e-02
-2.406137737737737252e-03 2.376899999999999846e-02
-2.419952652652651928e-03 2.376899999999999846e-02
-2.461397397397396825e-03 1.694299999999999973e-02
-2.475212312312312368e-03 1.694299999999999973e-02
-2.489027227227227045e-03 1.694299999999999973e-02
-2.516657057057056397e-03 1.694500000000000173e-02
-2.544286886886886617e-03 2.373300000000000062e-02
-2.585731631631631514e-03 2.371600000000000097e-02
-2.613361461461460866e-03 2.371600000000000097e-02
-2.627176376376376410e-03 1.694899999999999879e-02
-2.640991291291291086e-03 2.370200000000000085e-02
-2.668621121121120439e-03 1.694999999999999979e-02
-2.710065865865865335e-03 2.366899999999999907e-02
-2.737695695695695555e-03 2.366300000000000001e-02
-2.765325525525524908e-03 1.695500000000000132e-02
-2.792955355355355128e-03 1.695500000000000132e-02
-2.834400100100100024e-03 1.695999999999999938e-02
-2.862029929929929377e-03 1.695999999999999938e-02
-2.875844844844844921e-03 1.695999999999999938e-02
-2.889659759759759597e-03 2.359999999999999945e-02
-2.917289589589588950e-03 2.359999999999999945e-02
-2.958734334334333846e-03 1.696800000000000044e-02
-2.972549249249249390e-03 2.356899999999999967e-02
-2.986364164164164066e-03 2.356899999999999967e-02
-3.013993993993993852e-03 1.697500000000000051e-02
-3.055438738738738315e-03 2.353099999999999983e-02
-3.083068568568568101e-03 2.353099999999999983e-02
-3.110698398398398321e-03 1.698600000000000110e-02
-3.138328228228228108e-03 2.350700000000000012e-02
-3.152143143143142784e-03 2.350700000000000012e-02
-3.193587887887887680e-03 1.699600000000000069e-02
-3.235032632632632143e-03 2.346200000000000022e-02
-3.290292292292292149e-03 1.700600000000000028e-02
-3.331737037037036612e-03 1.700799999999999881e-02
-3.386996696696696618e-03 1.701499999999999888e-02
-3.483701101101100654e-03 1.702499999999999847e-02
-3.538960760760760660e-03 2.332499999999999851e-02
-3.580405505505505123e-03 1.703599999999999906e-02
-3.635665165165164695e-03 2.327800000000000008e-02
-3.690924824824824702e-03 1.704800000000000065e-02
-3.732369569569569164e-03 2.322600000000000012e-02
-3.801444144144143847e-03 1.707499999999999990e-02
-3.829073973973973633e-03 1.708300000000000096e-02
-3.856703803803803420e-03 2.316999999999999962e-02
-3.884333633633633206e-03 1.710100000000000162e-02
-3.911963463463462992e-03 1.710100000000000162e-02
-3.967223123123123432e-03 1.711599999999999927e-02
-3.981038038038037241e-03 1.711599999999999927e-02
-4.008667867867867461e-03 2.307000000000000023e-02
-4.022482782782782137e-03 2.307000000000000023e-02
-4.036297697697697681e-03 2.306599999999999970e-02
-4.050112612612612357e-03 2.306599999999999970e-02
-4.063927527527527034e-03 1.713200000000000139e-02
-4.077742442442442578e-03 1.713200000000000139e-02
-4.133002102102101283e-03 2.301299999999999873e-02
-4.202076676676676399e-03 2.297000000000000083e-02
-4.229706506506506619e-03 2.295300000000000118e-02
-4.257336336336335972e-03 2.293299999999999852e-02
-4.284966166166165324e-03 2.293299999999999852e-02
-4.312595995995995544e-03 1.719700000000000048e-02
-4.326410910910910221e-03 2.289800000000000169e-02
-4.381670570570570661e-03 1.721800000000000067e-02
-4.395485485485485337e-03 1.721800000000000067e-02
-4.464560060060060454e-03 1.723699999999999885e-02
-4.478374974974974262e-03 1.723699999999999885e-02
-4.506004804804804482e-03 2.277900000000000064e-02
-4.533634634634634702e-03 2.276999999999999857e-02
-4.575079379379379599e-03 1.727499999999999869e-02
-4.602709209209208951e-03 1.729199999999999834e-02
-4.630339039039038304e-03 1.729599999999999888e-02
-4.657968868868868524e-03 1.731699999999999906e-02
-4.671783783783783200e-03 1.731699999999999906e-02
-4.727043443443443640e-03 1.732900000000000065e-02
-4.754673273273272993e-03 1.733900000000000025e-02
-4.809932932932932566e-03 2.259200000000000097e-02
-4.823747847847847242e-03 2.257800000000000085e-02
-4.906637337337337035e-03 1.740399999999999933e-02
-4.948082082082081931e-03 1.741099999999999939e-02
-4.975711911911911284e-03 2.247000000000000039e-02
-4.989526826826826827e-03 2.247000000000000039e-02
-5.003341741741741504e-03 2.243699999999999861e-02
-5.030971571571571724e-03 1.745199999999999876e-02
-5.072416316316315753e-03 1.747500000000000095e-02
-5.086231231231231296e-03 1.749699999999999867e-02
-5.127675975975975325e-03 1.750300000000000120e-02
-5.169120720720720222e-03 1.752599999999999991e-02
-5.182935635635635765e-03 1.752599999999999991e-02
-5.224380380380380662e-03 1.754999999999999963e-02
-5.265825125125124691e-03 1.757500000000000034e-02
-5.279640040040039367e-03 1.757500000000000034e-02
-5.321084784784784263e-03 2.221499999999999864e-02
-5.362529529529529160e-03 1.762899999999999884e-02
-5.376344444444444703e-03 2.217099999999999974e-02
-5.390159359359359380e-03 2.217099999999999974e-02
-5.431604104104103409e-03 1.766399999999999915e-02
-5.459233933933933629e-03 1.767499999999999974e-02
-5.473048848848848305e-03 1.770899999999999905e-02
-5.555938338338338098e-03 1.773999999999999883e-02
-5.569753253253252774e-03 1.773999999999999883e-02
-5.583568168168167450e-03 1.777499999999999913e-02
-5.597383083083082994e-03 1.777499999999999913e-02
-5.638827827827827890e-03 2.196199999999999888e-02
-5.666457657657657243e-03 1.782399999999999957e-02
-5.707902402402402139e-03 2.188400000000000067e-02
-5.721717317317316816e-03 1.785700000000000134e-02
-5.804606806806806608e-03 2.179299999999999987e-02
-5.859866466466466181e-03 1.794700000000000115e-02
-5.873681381381380857e-03 1.797500000000000139e-02
-5.915126126126125754e-03 2.169899999999999954e-02
-5.942755955955955974e-03 2.167099999999999929e-02
-5.956570870870870650e-03 1.803799999999999848e-02
-6.011830530530530223e-03 2.160000000000000114e-02
-6.025645445445444899e-03 1.810000000000000150e-02
-6.080905105105104472e-03 1.817399999999999918e-02
-6.149979679679679588e-03 2.147100000000000050e-02
-6.163794594594594264e-03 1.823100000000000068e-02
-6.205239339339339161e-03 1.828600000000000017e-02
-6.274313913913913410e-03 1.833200000000000107e-02
-6.357203403403403202e-03 1.843799999999999953e-02
-6.412463063063062775e-03 2.113800000000000054e-02
-6.426277977977977451e-03 1.852499999999999980e-02
-6.481537637637637024e-03 1.861300000000000107e-02
-6.522982382382381920e-03 1.866599999999999857e-02
-6.661131531531531286e-03 2.077199999999999880e-02
-6.688761361361361506e-03 2.069599999999999912e-02
-6.730206106106105535e-03 1.904799999999999896e-02
-6.785465765765765975e-03 1.917299999999999907e-02
-6.799280680680680651e-03 1.919699999999999879e-02
-6.813095595595595327e-03 2.040099999999999900e-02
-6.840725425425425547e-03 1.934100000000000055e-02
-6.868355255255254900e-03 2.022300000000000139e-02
-6.882170170170169576e-03 1.950899999999999856e-02
