1.119039290108370999e+00 3.153709459968802662e+02
1.140513235110548695e+00 9.207993082279692931e-01
1.191084491698539916e+00 1.243446460406815923e+01
1.130028531297232242e+00 4.140438928181413303e+01
1.111452745159580813e+00 2.249014310081511212e+02
1.117106694279620616e+00 3.049691068657497794e+02
1.136739143400272933e+00 1.050810983389295217e+02
1.140068263175107122e+00 5.566807867002004251e+00
1.110182610770143574e+00 2.543798346944230957e+02
1.126065870146376158e+00 1.759359897594712052e+01
1.099925457513608817e+00 1.401035708622008769e+03
1.127139764694301327e+00 1.809441823772426687e+02
1.085423611910301789e+00 1.552598401614697877e+03
1.074805581623442530e+00 3.991825215061187482e+00
1.137672397572779159e+00 7.683671591760993635e+01
1.158641489783562628e+00 1.747222562310523486e+01
1.005903958924993624e+00 1.180564900891178468e+03
1.057737838636745753e+00 4.188129981781256674e+02
1.099849506671081834e+00 9.147228885580173028e+02
1.140688337164905475e+00 4.462637399283045703e+00
1.048885094891092162e+00 1.674343745445911736e+03
1.132065139606170501e+00 1.661568954938085199e+02
1.140023800652493868e+00 1.972454384736450450e+01
9.903556561194080121e-01 6.697676520188020959e+02
1.120698156547480950e+00 4.659558328128793647e+01
1.140454075174711202e+00 4.262191811102098882e+00
1.130147637578017950e+00 4.244992513098983267e+01
1.569529167234178013e+00 8.468930281127745729e+01
1.108999628367028700e+00 1.776980119216438823e+02
1.098418741778873775e+00 5.870752646361237339e+02
