1.309363813637464569e+00 7.482920440979422549e-01
1.003316869703001768e-01 3.720993153686558141e-01
5.255920833696278160e-01 1.831047352919180082e-01
6.401546129952455644e-01 4.110046543387430029e-01
1.250625675268942860e+00 5.849350606030212507e-01
1.315664091769555011e+00 7.166975503570834904e-01
6.929115242214005654e-01 8.903056927518508967e-01
1.794240202739858792e-01 7.034207591605620147e-01
1.310183926864668225e+00 6.028208456011764360e-01
5.071221219261778934e-01 2.782913401763909000e-01
2.422159249159056227e+00 9.714354181474578187e-01
1.008930116661804322e+00 7.230903541023826486e-01
2.641528541658511031e+00 9.051459971534625559e-01
3.466282129723559091e-01 1.351493049095941479e-01
5.925082167372498487e-01 8.903282530864717881e-01
3.852058181158453110e-01 4.789968625045469830e-01
2.877879637436455695e+00 5.798487564757154322e-01
2.106443630456372951e+00 3.839640679054566741e-01
2.090852690276592707e+00 8.511631047076355649e-01
1.530360042981562252e-01 7.751298834504707358e-01
2.967697157828834698e+00 7.733490889418555003e-01
9.132875769867749849e-01 8.103513956063396195e-01
3.993554190751619215e-01 5.031041735583147156e-01
2.734926958969976951e+00 3.642527335363116014e-01
9.345484819004112875e-01 2.170257149064498958e-01
1.561641778238615219e-01 7.109519796459018437e-01
7.137215364001712192e-01 3.389919934350036357e-01
1.525562161912981107e+00 1.480262906053723682e-01
1.764941055926837921e+00 2.320557174152291513e-01
1.808986057019524418e+00 7.297825240188380302e-01
